count = 277549643
mean = 50.1555896038
stdev = 43.9111167831
max = 279.822
min = 6.66125e-05
